x <- c(, 0, 1, 2, 3, 4, 5)
pmfrvY21 <- c(, 1, 3, 5, 7, 9, 11)
cumsumrvY21 <- c(, 1, 4, 9, 16, 25, 36)
xx <- c(, 0, 1, 1, 1, 2, 2, 2, 2, 2, 3, 3, 3, 3, 3, 3, 3, 4, 4, 4, 4, 4, 4, 4, 4, 4, 5, 5, 5, 5, 5, 5, 5, 5, 5, 5, 5)
