x <- c(, 0, 1, 2, 3, 4, 5, 6, 7, 8, 9, 10, 11, 12, 13, 14, 15, 16, 17, 18, 19, 20)
pmfrvY22 <- c(, 1, 2, 2, 2, 2, 2, 1, 2, 1, 2, 2, 2, 2, 1, 2, 2, 2, 1, 2, 2, 1)
cumsumrvY22 <- c(, 1, 3, 5, 7, 9, 11, 12, 14, 15, 17, 19, 21, 23, 24, 26, 28, 30, 31, 33, 35, 36)
xx <- c(, 0, 1, 1, 2, 2, 3, 3, 4, 4, 5, 5, 6, 7, 7, 8, 9, 9, 10, 10, 11, 11, 12, 12, 13, 14, 14, 15, 15, 16, 16, 17, 18, 18, 19, 19, 20)
