x <- c(, 0, 1, 2, 3, 4, 5)
pmfrvY11 <- c(, 1, 1, 1, 1, 1, 1)
cumsumrvY11 <- c(, 1, 2, 3, 4, 5, 6)
xx <- c(, 0, 1, 2, 3, 4, 5)
