x <- c(, 1, 2, 3, 4, 5, 6, 7, 8, 9, 10, 11, 12, 13, 14, 15, 16, 17, 18, 19, 20, 21, 22, 23, 24, 25, 26, 27, 28, 29, 30, 31, 32, 33, 34, 35, 36, 37, 38, 39, 40, 41, 42, 43, 44, 45, 46, 47, 48, 49, 50, 51, 52, 53, 54, 55, 56)
cumsumrvX43 <- c(, 1, 5, 11, 16, 20, 32, 48, 54, 72, 81, 85, 97, 113, 125, 161, 189, 195, 213, 243, 256, 260, 272, 288, 300, 336, 364, 376, 412, 472, 512, 518, 536, 566, 608, 625, 629, 641, 657, 669, 705, 733, 745, 781, 841, 881, 893, 929, 989, 1073, 1125, 1131, 1149, 1179, 1221, 1275, 1296)
pmfrvX43 <- c(, 1, 4, 6, 5, 4, 12, 16, 6, 18, 9, 4, 12, 16, 12, 36, 28, 6, 18, 30, 13, 4, 12, 16, 12, 36, 28, 12, 36, 60, 40, 6, 18, 30, 42, 17, 4, 12, 16, 12, 36, 28, 12, 36, 60, 40, 12, 36, 60, 84, 52, 6, 18, 30, 42, 54, 21)
expectationX43 <- 35.392
medianX43 <- 38
varianceX43 <- 207.275
winChancervX43 <- c(, 0, 0, 0, 0.00462963, 0, 0, 0.0185185, 0, 0.0324074, 0.037037, 0, 0, 0.0324074, 0, 0.0740741, 0.0925926, 0, 0.087963, 0.12037, 0.125, 0, 0, 0.0462963, 0, 0.115741, 0.148148, 0, 0.157407, 0.231481, 0.25, 0, 0.171296, 0.259259, 0.291667, 0.296296, 0, 0, 0.0601852, 0, 0.157407, 0.203704, 0, 0.226852, 0.342593, 0.375, 0, 0.268519, 0.425926, 0.5, 0.518519, 0, 0.282407, 0.453704, 0.541667, 0.574074, 0.578704)
loseChancervX43 <- c(, 0, 0.00462963, 0.0694444, 0.347222, 0.037037, 0.0740741, 0.337963, 0.222222, 0.277778, 0.444444, 0.125, 0.134259, 0.328704, 0.199074, 0.268519, 0.421296, 0.375, 0.291667, 0.291667, 0.375, 0.296296, 0.277778, 0.347222, 0.259259, 0.287037, 0.37037, 0.296296, 0.25463, 0.268519, 0.337963, 0.444444, 0.305556, 0.222222, 0.194444, 0.222222, 0.578704, 0.532407, 0.421296, 0.430556, 0.361111, 0.319444, 0.328704, 0.273148, 0.24537, 0.24537, 0.282407, 0.212963, 0.171296, 0.157407, 0.171296, 0.347222, 0.236111, 0.152778, 0.0972222, 0.0694444, 0.0694444)
battle_out_distribution <- c(, 0.251104, 0.262914, 0.246031)
