x <- c(, 0, 1, 2, 3, 4, 5, 6, 7, 8, 9, 10, 11, 12, 13, 14, 15, 16, 17, 18, 19, 20, 21, 22, 23, 24, 25, 26, 27, 28, 29, 30, 31, 32, 33, 34, 35, 36, 37, 38, 39, 40, 41, 42, 43, 44, 45, 46, 47, 48, 49, 50, 51, 52, 53, 54, 55)
cumsumrvX33 <- c(, 1, 4, 7, 8, 11, 17, 20, 23, 26, 27, 30, 36, 39, 45, 51, 54, 57, 60, 63, 64, 67, 73, 76, 82, 88, 91, 97, 103, 109, 112, 115, 118, 121, 124, 125, 128, 134, 137, 143, 149, 152, 158, 164, 170, 173, 179, 185, 191, 197, 200, 203, 206, 209, 212, 215, 216)
pmfrvX33 <- c(, 1, 3, 3, 1, 3, 6, 3, 3, 3, 1, 3, 6, 3, 6, 6, 3, 3, 3, 3, 1, 3, 6, 3, 6, 6, 3, 6, 6, 6, 3, 3, 3, 3, 3, 1, 3, 6, 3, 6, 6, 3, 6, 6, 6, 3, 6, 6, 6, 6, 3, 3, 3, 3, 3, 3, 1)
expectationX33 <- 28.8472
medianX33 <- 28
varianceX33 <- 228.213
winChancervX33 <- c(, 0, 0, 0, 0.00462963, 0, 0, 0.0185185, 0, 0.0324074, 0.037037, 0, 0, 0.0324074, 0, 0.0740741, 0.0925926, 0, 0.087963, 0.12037, 0.125, 0, 0, 0.0462963, 0, 0.115741, 0.148148, 0, 0.157407, 0.231481, 0.25, 0, 0.171296, 0.259259, 0.291667, 0.296296, 0, 0, 0.0601852, 0, 0.157407, 0.203704, 0, 0.226852, 0.342593, 0.375, 0, 0.268519, 0.425926, 0.5, 0.518519, 0, 0.282407, 0.453704, 0.541667, 0.574074, 0.578704)
loseChancervX33 <- c(, 1, 0.99537, 0.925926, 0.578704, 0.962963, 0.907407, 0.574074, 0.740741, 0.518519, 0.296296, 0.875, 0.833333, 0.541667, 0.708333, 0.5, 0.291667, 0.5, 0.375, 0.25, 0.125, 0.703704, 0.675926, 0.453704, 0.592593, 0.425926, 0.259259, 0.453704, 0.342593, 0.231481, 0.12037, 0.259259, 0.203704, 0.148148, 0.0925926, 0.037037, 0.421296, 0.407407, 0.282407, 0.365741, 0.268519, 0.171296, 0.296296, 0.226852, 0.157407, 0.087963, 0.199074, 0.157407, 0.115741, 0.0740741, 0.0324074, 0.0740741, 0.0601852, 0.0462963, 0.0324074, 0.0185185, 0.00462963)
battle_out_distribution <- c(, 0.137603, 0.214699, 0.26466, 0.383038)
