x <- c(, 0, 1, 2, 3, 4, 5)
pmfrvX21 <- c(, 1, 3, 5, 7, 9, 11)
cumsumrvX21 <- c(, 1, 4, 9, 16, 25, 36)
winChancervX21 <- c(, 0, 0.166667, 0.333333, 0.5, 0.666667, 0.833333)
loseChancervX21 <- c(, 1, 0.833333, 0.666667, 0.5, 0.333333, 0.166667)
xx <- c(, 0, 1, 1, 1, 2, 2, 2, 2, 2, 3, 3, 3, 3, 3, 3, 3, 4, 4, 4, 4, 4, 4, 4, 4, 4, 5, 5, 5, 5, 5, 5, 5, 5, 5, 5, 5)
