x <- c(, 0, 1, 2, 3, 4, 5)
pmfrvX11 <- c(, 1, 1, 1, 1, 1, 1)
cumsumrvX11 <- c(, 1, 2, 3, 4, 5, 6)
winChancervX11 <- c(, 0, 0.166667, 0.333333, 0.5, 0.666667, 0.833333)
loseChancervX11 <- c(, 1, 0.833333, 0.666667, 0.5, 0.333333, 0.166667)
xx <- c(, 0, 1, 2, 3, 4, 5)
