x <- c(, 0, 1, 2, 3, 4, 5)
cumsumrvX13 <- c(, 1, 2, 3, 4, 5, 6)
pmfrvX13 <- c(, 1, 1, 1, 1, 1, 1)
expectationX13 <- 2.5
medianX13 <- 3
varianceX13 <- 2.91667
winChancervX13 <- c(, 0, 0.00462963, 0.037037, 0.125, 0.296296, 0.578704)
loseChancervX13 <- c(, 1, 0.99537, 0.962963, 0.875, 0.703704, 0.421296)
battle_out_distribution <- c(, 0.173611, 0.826389)
