x <- c(, 0, 1, 2, 3, 4, 5)
cumsumrvX15 <- c(, 1, 2, 3, 4, 5, 6)
pmfrvX15 <- c(, 1, 1, 1, 1, 1, 1)
expectationX15 <- 2.5
medianX15 <- 3
varianceX15 <- 2.91667
winChancervX15 <- c(, 0, 0.000128601, 0.00411523, 0.03125, 0.131687, 0.401878)
loseChancervX15 <- c(, 1, 0.999871, 0.995885, 0.96875, 0.868313, 0.598122)
battle_out_distribution <- c(, 0.0948431, 0.905157)
