x <- c(, 0, 1, 2, 3, 4, 5, 6, 7, 8, 9, 10, 11, 12, 13, 14, 15, 16, 17, 18, 19, 20, 21, 22, 23, 24, 25, 26, 27, 28, 29, 30, 31, 32, 33, 34, 35, 36, 37, 38, 39, 40, 41, 42, 43, 44, 45, 46, 47, 48, 49, 50, 51, 52, 53, 54, 55, 56, 57, 58, 59, 60, 61, 62, 63, 64, 65, 66, 67, 68, 69, 70, 71, 72, 73, 74, 75, 76, 77, 78, 79, 80, 81, 82, 83, 84, 85, 86, 87, 88, 89, 90, 91, 92, 93, 94, 95, 96, 97, 98, 99, 100, 101, 102, 103, 104, 105, 106, 107, 108, 109, 110, 111, 112, 113, 114, 115, 116, 117, 118, 119, 120, 121, 122, 123, 124, 125)
pmfrvX44 <- c(, 1, 4, 6, 4, 1, 4, 12, 12, 4, 6, 12, 6, 4, 4, 1, 4, 12, 12, 4, 12, 24, 12, 12, 12, 4, 6, 12, 6, 12, 12, 6, 4, 4, 4, 1, 4, 12, 12, 4, 12, 24, 12, 12, 12, 4, 12, 24, 12, 24, 24, 12, 12, 12, 12, 4, 6, 12, 6, 12, 12, 6, 12, 12, 12, 6, 4, 4, 4, 4, 1, 4, 12, 12, 4, 12, 24, 12, 12, 12, 4, 12, 24, 12, 24, 24, 12, 12, 12, 12, 4, 12, 24, 12, 24, 24, 12, 24, 24, 24, 12, 12, 12, 12, 12, 4, 6, 12, 6, 12, 12, 6, 12, 12, 12, 6, 12, 12, 12, 12, 6, 4, 4, 4, 4, 4, 1)
cumsumrvX44 <- c(, 1, 5, 11, 15, 16, 20, 32, 44, 48, 54, 66, 72, 76, 80, 81, 85, 97, 109, 113, 125, 149, 161, 173, 185, 189, 195, 207, 213, 225, 237, 243, 247, 251, 255, 256, 260, 272, 284, 288, 300, 324, 336, 348, 360, 364, 376, 400, 412, 436, 460, 472, 484, 496, 508, 512, 518, 530, 536, 548, 560, 566, 578, 590, 602, 608, 612, 616, 620, 624, 625, 629, 641, 653, 657, 669, 693, 705, 717, 729, 733, 745, 769, 781, 805, 829, 841, 853, 865, 877, 881, 893, 917, 929, 953, 977, 989, 1013, 1037, 1061, 1073, 1085, 1097, 1109, 1121, 1125, 1131, 1143, 1149, 1161, 1173, 1179, 1191, 1203, 1215, 1221, 1233, 1245, 1257, 1269, 1275, 1279, 1283, 1287, 1291, 1295, 1296)
winChancervX44 <- c(, 0, 0, 0, 0, 0.000771605, 0, 0, 0, 0.00385802, 0, 0, 0.00848765, 0, 0.0115741, 0.0123457, 0, 0, 0, 0.00694444, 0, 0, 0.0208333, 0, 0.033179, 0.037037, 0, 0, 0.025463, 0, 0.0470679, 0.0555556, 0, 0.0501543, 0.0617284, 0.0625, 0, 0, 0, 0.0100309, 0, 0, 0.033179, 0, 0.054784, 0.0617284, 0, 0, 0.0470679, 0, 0.0964506, 0.117284, 0, 0.108796, 0.141975, 0.145833, 0, 0, 0.0516975, 0, 0.11034, 0.135802, 0, 0.131944, 0.179012, 0.1875, 0, 0.135031, 0.185185, 0.196759, 0.197531, 0, 0, 0, 0.0131173, 0, 0, 0.0455247, 0, 0.0763889, 0.0864198, 0, 0, 0.0686728, 0, 0.145833, 0.179012, 0, 0.167438, 0.222222, 0.229167, 0, 0, 0.0825617, 0, 0.1875, 0.234568, 0, 0.236883, 0.333333, 0.354167, 0, 0.249228, 0.358025, 0.391204, 0.395062, 0, 0, 0.0871914, 0, 0.201389, 0.253086, 0, 0.260031, 0.37037, 0.395833, 0, 0.281636, 0.41358, 0.460648, 0.469136, 0, 0.284722, 0.419753, 0.469907, 0.481481, 0.482253)
loseChancervX44 <- c(, 1, 0.999228, 0.983796, 0.868056, 0.482253, 0.987654, 0.975309, 0.864198, 0.481481, 0.888889, 0.814815, 0.469136, 0.592593, 0.395062, 0.197531, 0.9375, 0.928241, 0.831019, 0.469907, 0.863426, 0.793981, 0.460648, 0.585648, 0.391204, 0.196759, 0.6875, 0.645833, 0.395833, 0.520833, 0.354167, 0.1875, 0.3125, 0.229167, 0.145833, 0.0625, 0.802469, 0.796296, 0.722222, 0.419753, 0.753086, 0.697531, 0.41358, 0.530864, 0.358025, 0.185185, 0.635802, 0.598765, 0.37037, 0.487654, 0.333333, 0.179012, 0.302469, 0.222222, 0.141975, 0.0617284, 0.407407, 0.388889, 0.253086, 0.333333, 0.234568, 0.135802, 0.240741, 0.179012, 0.117284, 0.0555556, 0.111111, 0.0864198, 0.0617284, 0.037037, 0.0123457, 0.517747, 0.51466, 0.472994, 0.284722, 0.493056, 0.460648, 0.281636, 0.363426, 0.249228, 0.135031, 0.434414, 0.411265, 0.260031, 0.341821, 0.236883, 0.131944, 0.22608, 0.167438, 0.108796, 0.0501543, 0.320216, 0.306327, 0.201389, 0.264661, 0.1875, 0.11034, 0.195216, 0.145833, 0.0964506, 0.0470679, 0.0979938, 0.0763889, 0.054784, 0.033179, 0.0115741, 0.131944, 0.127315, 0.0871914, 0.113426, 0.0825617, 0.0516975, 0.0902778, 0.0686728, 0.0470679, 0.025463, 0.0578704, 0.0455247, 0.033179, 0.0208333, 0.00848765, 0.0162037, 0.0131173, 0.0100309, 0.00694444, 0.00385802, 0.000771605)
xx <- c(, 0, 1, 1, 1, 1, 2, 2, 2, 2, 2, 2, 3, 3, 3, 3, 4, 5, 5, 5, 5, 6, 6, 6, 6, 6, 6, 6, 6, 6, 6, 6, 6, 7, 7, 7, 7, 7, 7, 7, 7, 7, 7, 7, 7, 8, 8, 8, 8, 9, 9, 9, 9, 9, 9, 10, 10, 10, 10, 10, 10, 10, 10, 10, 10, 10, 10, 11, 11, 11, 11, 11, 11, 12, 12, 12, 12, 13, 13, 13, 13, 14, 15, 15, 15, 15, 16, 16, 16, 16, 16, 16, 16, 16, 16, 16, 16, 16, 17, 17, 17, 17, 17, 17, 17, 17, 17, 17, 17, 17, 18, 18, 18, 18, 19, 19, 19, 19, 19, 19, 19, 19, 19, 19, 19, 19, 20, 20, 20, 20, 20, 20, 20, 20, 20, 20, 20, 20, 20, 20, 20, 20, 20, 20, 20, 20, 20, 20, 20, 20, 21, 21, 21, 21, 21, 21, 21, 21, 21, 21, 21, 21, 22, 22, 22, 22, 22, 22, 22, 22, 22, 22, 22, 22, 23, 23, 23, 23, 23, 23, 23, 23, 23, 23, 23, 23, 24, 24, 24, 24, 25, 25, 25, 25, 25, 25, 26, 26, 26, 26, 26, 26, 26, 26, 26, 26, 26, 26, 27, 27, 27, 27, 27, 27, 28, 28, 28, 28, 28, 28, 28, 28, 28, 28, 28, 28, 29, 29, 29, 29, 29, 29, 29, 29, 29, 29, 29, 29, 30, 30, 30, 30, 30, 30, 31, 31, 31, 31, 32, 32, 32, 32, 33, 33, 33, 33, 34, 35, 35, 35, 35, 36, 36, 36, 36, 36, 36, 36, 36, 36, 36, 36, 36, 37, 37, 37, 37, 37, 37, 37, 37, 37, 37, 37, 37, 38, 38, 38, 38, 39, 39, 39, 39, 39, 39, 39, 39, 39, 39, 39, 39, 40, 40, 40, 40, 40, 40, 40, 40, 40, 40, 40, 40, 40, 40, 40, 40, 40, 40, 40, 40, 40, 40, 40, 40, 41, 41, 41, 41, 41, 41, 41, 41, 41, 41, 41, 41, 42, 42, 42, 42, 42, 42, 42, 42, 42, 42, 42, 42, 43, 43, 43, 43, 43, 43, 43, 43, 43, 43, 43, 43, 44, 44, 44, 44, 45, 45, 45, 45, 45, 45, 45, 45, 45, 45, 45, 45, 46, 46, 46, 46, 46, 46, 46, 46, 46, 46, 46, 46, 46, 46, 46, 46, 46, 46, 46, 46, 46, 46, 46, 46, 47, 47, 47, 47, 47, 47, 47, 47, 47, 47, 47, 47, 48, 48, 48, 48, 48, 48, 48, 48, 48, 48, 48, 48, 48, 48, 48, 48, 48, 48, 48, 48, 48, 48, 48, 48, 49, 49, 49, 49, 49, 49, 49, 49, 49, 49, 49, 49, 49, 49, 49, 49, 49, 49, 49, 49, 49, 49, 49, 49, 50, 50, 50, 50, 50, 50, 50, 50, 50, 50, 50, 50, 51, 51, 51, 51, 51, 51, 51, 51, 51, 51, 51, 51, 52, 52, 52, 52, 52, 52, 52, 52, 52, 52, 52, 52, 53, 53, 53, 53, 53, 53, 53, 53, 53, 53, 53, 53, 54, 54, 54, 54, 55, 55, 55, 55, 55, 55, 56, 56, 56, 56, 56, 56, 56, 56, 56, 56, 56, 56, 57, 57, 57, 57, 57, 57, 58, 58, 58, 58, 58, 58, 58, 58, 58, 58, 58, 58, 59, 59, 59, 59, 59, 59, 59, 59, 59, 59, 59, 59, 60, 60, 60, 60, 60, 60, 61, 61, 61, 61, 61, 61, 61, 61, 61, 61, 61, 61, 62, 62, 62, 62, 62, 62, 62, 62, 62, 62, 62, 62, 63, 63, 63, 63, 63, 63, 63, 63, 63, 63, 63, 63, 64, 64, 64, 64, 64, 64, 65, 65, 65, 65, 66, 66, 66, 66, 67, 67, 67, 67, 68, 68, 68, 68, 69, 70, 70, 70, 70, 71, 71, 71, 71, 71, 71, 71, 71, 71, 71, 71, 71, 72, 72, 72, 72, 72, 72, 72, 72, 72, 72, 72, 72, 73, 73, 73, 73, 74, 74, 74, 74, 74, 74, 74, 74, 74, 74, 74, 74, 75, 75, 75, 75, 75, 75, 75, 75, 75, 75, 75, 75, 75, 75, 75, 75, 75, 75, 75, 75, 75, 75, 75, 75, 76, 76, 76, 76, 76, 76, 76, 76, 76, 76, 76, 76, 77, 77, 77, 77, 77, 77, 77, 77, 77, 77, 77, 77, 78, 78, 78, 78, 78, 78, 78, 78, 78, 78, 78, 78, 79, 79, 79, 79, 80, 80, 80, 80, 80, 80, 80, 80, 80, 80, 80, 80, 81, 81, 81, 81, 81, 81, 81, 81, 81, 81, 81, 81, 81, 81, 81, 81, 81, 81, 81, 81, 81, 81, 81, 81, 82, 82, 82, 82, 82, 82, 82, 82, 82, 82, 82, 82, 83, 83, 83, 83, 83, 83, 83, 83, 83, 83, 83, 83, 83, 83, 83, 83, 83, 83, 83, 83, 83, 83, 83, 83, 84, 84, 84, 84, 84, 84, 84, 84, 84, 84, 84, 84, 84, 84, 84, 84, 84, 84, 84, 84, 84, 84, 84, 84, 85, 85, 85, 85, 85, 85, 85, 85, 85, 85, 85, 85, 86, 86, 86, 86, 86, 86, 86, 86, 86, 86, 86, 86, 87, 87, 87, 87, 87, 87, 87, 87, 87, 87, 87, 87, 88, 88, 88, 88, 88, 88, 88, 88, 88, 88, 88, 88, 89, 89, 89, 89, 90, 90, 90, 90, 90, 90, 90, 90, 90, 90, 90, 90, 91, 91, 91, 91, 91, 91, 91, 91, 91, 91, 91, 91, 91, 91, 91, 91, 91, 91, 91, 91, 91, 91, 91, 91, 92, 92, 92, 92, 92, 92, 92, 92, 92, 92, 92, 92, 93, 93, 93, 93, 93, 93, 93, 93, 93, 93, 93, 93, 93, 93, 93, 93, 93, 93, 93, 93, 93, 93, 93, 93, 94, 94, 94, 94, 94, 94, 94, 94, 94, 94, 94, 94, 94, 94, 94, 94, 94, 94, 94, 94, 94, 94, 94, 94, 95, 95, 95, 95, 95, 95, 95, 95, 95, 95, 95, 95, 96, 96, 96, 96, 96, 96, 96, 96, 96, 96, 96, 96, 96, 96, 96, 96, 96, 96, 96, 96, 96, 96, 96, 96, 97, 97, 97, 97, 97, 97, 97, 97, 97, 97, 97, 97, 97, 97, 97, 97, 97, 97, 97, 97, 97, 97, 97, 97, 98, 98, 98, 98, 98, 98, 98, 98, 98, 