x <- c(, 0, 1, 2, 3, 4, 5, 6, 7, 8, 9, 10, 11, 12, 13, 14, 15, 16, 17, 18, 19, 20, 21, 22, 23, 24, 25, 26, 27, 28, 29, 30, 31, 32, 33, 34, 35, 36, 37, 38, 39, 40, 41, 42, 43, 44, 45, 46, 47, 48, 49, 50, 51, 52, 53, 54, 55, 56, 57, 58, 59, 60, 61, 62, 63, 64, 65, 66, 67, 68, 69, 70, 71, 72, 73, 74, 75, 76, 77, 78, 79, 80, 81, 82, 83, 84, 85, 86, 87, 88, 89, 90, 91, 92, 93, 94, 95, 96, 97, 98, 99, 100, 101, 102, 103, 104, 105, 106, 107, 108, 109, 110, 111, 112, 113, 114, 115, 116, 117, 118, 119, 120, 121, 122, 123, 124, 125)
pmfrvX54 <- c(, 1, 5, 10, 10, 6, 5, 20, 30, 25, 10, 30, 40, 10, 30, 11, 5, 20, 30, 25, 20, 60, 80, 30, 90, 45, 10, 30, 40, 30, 90, 70, 10, 30, 50, 16, 5, 20, 30, 25, 20, 60, 80, 30, 90, 45, 20, 60, 80, 60, 180, 140, 30, 90, 150, 65, 10, 30, 40, 30, 90, 70, 30, 90, 150, 100, 10, 30, 50, 70, 21, 5, 20, 30, 25, 20, 60, 80, 30, 90, 45, 20, 60, 80, 60, 180, 140, 30, 90, 150, 65, 20, 60, 80, 60, 180, 140, 60, 180, 300, 200, 30, 90, 150, 210, 85, 10, 30, 40, 30, 90, 70, 30, 90, 150, 100, 30, 90, 150, 210, 130, 10, 30, 50, 70, 90, 26)
cumsumrvX54 <- c(, 1, 6, 16, 26, 32, 37, 57, 87, 112, 122, 152, 192, 202, 232, 243, 248, 268, 298, 323, 343, 403, 483, 513, 603, 648, 658, 688, 728, 758, 848, 918, 928, 958, 1008, 1024, 1029, 1049, 1079, 1104, 1124, 1184, 1264, 1294, 1384, 1429, 1449, 1509, 1589, 1649, 1829, 1969, 1999, 2089, 2239, 2304, 2314, 2344, 2384, 2414, 2504, 2574, 2604, 2694, 2844, 2944, 2954, 2984, 3034, 3104, 3125, 3130, 3150, 3180, 3205, 3225, 3285, 3365, 3395, 3485, 3530, 3550, 3610, 3690, 3750, 3930, 4070, 4100, 4190, 4340, 4405, 4425, 4485, 4565, 4625, 4805, 4945, 5005, 5185, 5485, 5685, 5715, 5805, 5955, 6165, 6250, 6260, 6290, 6330, 6360, 6450, 6520, 6550, 6640, 6790, 6890, 6920, 7010, 7160, 7370, 7500, 7510, 7540, 7590, 7660, 7750, 7776)
winChancervX54 <- c(, 0, 0, 0, 0, 0.000771605, 0, 0, 0, 0.00385802, 0, 0, 0.00848765, 0, 0.0115741, 0.0123457, 0, 0, 0, 0.00694444, 0, 0, 0.0208333, 0, 0.033179, 0.037037, 0, 0, 0.025463, 0, 0.0470679, 0.0555556, 0, 0.0501543, 0.0617284, 0.0625, 0, 0, 0, 0.0100309, 0, 0, 0.033179, 0, 0.054784, 0.0617284, 0, 0, 0.0470679, 0, 0.0964506, 0.117284, 0, 0.108796, 0.141975, 0.145833, 0, 0, 0.0516975, 0, 0.11034, 0.135802, 0, 0.131944, 0.179012, 0.1875, 0, 0.135031, 0.185185, 0.196759, 0.197531, 0, 0, 0, 0.0131173, 0, 0, 0.0455247, 0, 0.0763889, 0.0864198, 0, 0, 0.0686728, 0, 0.145833, 0.179012, 0, 0.167438, 0.222222, 0.229167, 0, 0, 0.0825617, 0, 0.1875, 0.234568, 0, 0.236883, 0.333333, 0.354167, 0, 0.249228, 0.358025, 0.391204, 0.395062, 0, 0, 0.0871914, 0, 0.201389, 0.253086, 0, 0.260031, 0.37037, 0.395833, 0, 0.281636, 0.41358, 0.460648, 0.469136, 0, 0.284722, 0.419753, 0.469907, 0.481481, 0.482253)
loseChancervX54 <- c(, 1, 0.999228, 0.983796, 0.868056, 0.482253, 0.987654, 0.975309, 0.864198, 0.481481, 0.888889, 0.814815, 0.469136, 0.592593, 0.395062, 0.197531, 0.9375, 0.928241, 0.831019, 0.469907, 0.863426, 0.793981, 0.460648, 0.585648, 0.391204, 0.196759, 0.6875, 0.645833, 0.395833, 0.520833, 0.354167, 0.1875, 0.3125, 0.229167, 0.145833, 0.0625, 0.802469, 0.796296, 0.722222, 0.419753, 0.753086, 0.697531, 0.41358, 0.530864, 0.358025, 0.185185, 0.635802, 0.598765, 0.37037, 0.487654, 0.333333, 0.179012, 0.302469, 0.222222, 0.141975, 0.0617284, 0.407407, 0.388889, 0.253086, 0.333333, 0.234568, 0.135802, 0.240741, 0.179012, 0.117284, 0.0555556, 0.111111, 0.0864198, 0.0617284, 0.037037, 0.0123457, 0.517747, 0.51466, 0.472994, 0.284722, 0.493056, 0.460648, 0.281636, 0.363426, 0.249228, 0.135031, 0.434414, 0.411265, 0.260031, 0.341821, 0.236883, 0.131944, 0.22608, 0.167438, 0.108796, 0.0501543, 0.320216, 0.306327, 0.201389, 0.264661, 0.1875, 0.11034, 0.195216, 0.145833, 0.0964506, 0.0470679, 0.0979938, 0.0763889, 0.054784, 0.033179, 0.0115741, 0.131944, 0.127315, 0.0871914, 0.113426, 0.0825617, 0.0516975, 0.0902778, 0.0686728, 0.0470679, 0.025463, 0.0578704, 0.0455247, 0.033179, 0.0208333, 0.00848765, 0.0162037, 0.0131173, 0.0100309, 0.00694444, 0.00385802, 0.000771605)
xx <- c(, 0, 1, 1, 1, 1, 1, 2, 2, 2, 2, 2, 2, 2, 2, 2, 2, 3, 3, 3, 3, 3, 3, 3, 3, 3, 3, 4, 4, 4, 4, 4, 4, 5, 5, 5, 5, 5, 6, 6, 6, 6, 6, 6, 6, 6, 6, 6, 6, 6, 6, 6, 6, 6, 6, 6, 6, 6, 7, 7, 7, 7, 7, 7, 7, 7, 7, 7, 7, 7, 7, 7, 7, 7, 7, 7, 7, 7, 7, 7, 7, 7, 7, 7, 7, 7, 7, 7, 8, 8, 8, 8, 8, 8, 8, 8, 8, 8, 8, 8, 8, 8, 8, 8, 8, 8, 8, 8, 8, 8, 8, 8, 8, 9, 9, 9, 9, 9, 9, 9, 9, 9, 9, 10, 10, 10, 10, 10, 10, 10, 10, 10, 10, 10, 10, 10, 10, 10, 10, 10, 10, 10, 10, 10, 10, 10, 10, 10, 10, 10, 10, 10, 10, 11, 11, 11, 11, 11, 11, 11, 11, 11, 11, 11, 11, 11, 11, 11, 11, 11, 11, 11, 11, 11, 11, 11, 11, 11, 11, 11, 11, 11, 11, 11, 11, 11, 11, 11, 11, 11, 11, 11, 11, 12, 12, 12, 12, 12, 12, 12, 12, 12, 12, 13, 13, 13, 13, 13, 13, 13, 13, 13, 13, 13, 13, 13, 13, 13, 13, 13, 13, 13, 13, 13, 13, 13, 13, 13, 13, 13, 13, 13, 13, 14, 14, 14, 14, 14, 14, 14, 14, 14, 14, 14, 15, 15, 15, 15, 15, 16, 16, 16, 16, 16, 16, 16, 16, 16, 16, 16, 16, 16, 16, 16, 16, 16, 16, 16, 16, 17, 17, 17, 17, 17, 17, 17, 17, 17, 17, 17, 17, 17, 17, 17, 17, 17, 17, 17, 17, 17, 17, 17, 17, 17, 17, 17, 17, 17, 17, 18, 18, 18, 18, 18, 18, 18, 18, 18, 18, 18, 18, 18, 18, 18, 18, 18, 18, 18, 18, 18, 18, 18, 18, 18, 19, 19, 19, 19, 19, 19, 19, 19, 19, 19, 19, 19, 19, 19, 19, 19, 19, 19, 19, 19, 20, 20, 20, 20, 20, 20, 20, 20, 20, 20, 20, 20, 20, 20, 20, 20, 20, 20, 20, 20, 20, 20, 20, 20, 20, 20, 20, 20, 20, 20, 20, 20, 20, 20, 20, 20, 20, 20, 20, 20, 20, 20, 20, 20, 20, 20, 20, 20, 20, 20, 20, 20, 20, 20, 20, 20, 20, 20, 20, 20, 21, 21, 21, 21, 21, 21, 21, 21, 21, 21, 21, 21, 21, 21, 21, 21, 21, 21, 21, 21, 21, 21, 21, 21, 21, 21, 21, 21, 21, 21, 21, 21, 21, 21, 21, 21, 21, 21, 21, 21, 21, 21, 21, 21, 21, 21, 21, 21, 21, 21, 21, 21, 21, 21, 21, 21, 21, 21, 21, 21, 21, 21, 21, 21, 21, 21, 21, 21, 21, 21, 21, 21, 21, 21, 21, 21, 21, 21, 21, 21, 22, 22, 22, 22, 22, 22, 22, 22, 22, 22, 22, 22, 22, 22, 22, 22, 22, 22, 22, 22, 22, 22, 22, 22, 22, 22, 22, 22, 22, 22, 23, 23, 23, 23, 23, 23, 23, 23, 23, 23, 23, 23, 23, 23, 23, 23, 23, 23, 23, 23, 23, 23, 23, 23, 23, 23, 23, 23, 23, 23, 23, 23, 23, 23, 23, 23, 23, 23, 23, 23, 23, 23, 23, 23, 23, 23, 23, 23, 23, 23, 23, 23, 23, 23, 23, 23, 23, 23, 23, 23, 23, 23, 23, 23, 23, 23, 23, 23, 23, 23, 23, 23, 23, 23, 23, 23, 23, 23, 23, 23, 23, 23, 23, 23, 23, 23, 23, 23, 23, 23, 24, 24, 24, 24, 24, 24, 24, 24, 24, 24, 24, 24, 24, 24, 24, 24, 24, 24, 24, 24, 24, 24, 24, 24, 24, 24, 24, 24, 24, 24, 24, 24, 24, 24, 24, 24, 24, 24, 24, 24, 24, 24, 24, 24, 24, 25, 25, 25, 25, 25, 25, 25, 25, 25, 25, 26, 26, 26, 26, 26, 26, 26, 26, 26, 26, 26, 26, 26, 26, 26, 26, 26, 26, 26, 26, 26, 26, 26, 26, 26, 26, 26, 26, 26, 26, 27, 27, 27, 27, 27, 27, 27, 27, 27, 27, 27, 27, 27, 27, 27, 27, 27, 27, 27, 27, 27, 27, 27, 27, 27, 27, 27, 27, 27, 27, 27, 27, 27, 27, 27, 27, 27, 27, 27, 27, 28, 28, 28, 28, 28, 28, 28, 28, 28, 28, 28, 28, 28, 28, 28, 28, 28, 28, 28, 28, 28, 28, 28, 28, 28, 28, 28, 28, 28, 28, 29, 29, 29, 29, 29, 29, 29, 29, 29, 29, 29, 29, 29, 29, 29, 29, 29, 29, 29, 29, 29, 29, 29, 29, 29, 29, 29, 29, 29, 29, 29, 29, 29, 29, 29, 29, 29, 29, 29, 29, 29, 29, 29, 29, 29, 29, 29, 29, 29, 29, 29, 29, 29, 29, 29, 29, 29, 29, 29, 29, 29, 29, 29, 29, 29, 29, 29, 29, 29, 29, 29, 29, 29, 29, 29, 29, 29, 29, 29, 29, 29, 29, 29, 29, 29, 29, 29, 29, 29, 29, 30, 30, 30, 30, 30, 30, 30, 30, 30, 30, 30, 30, 30, 30, 30, 30, 30, 30, 30, 30, 30, 30, 30, 30, 30, 30, 30, 30, 30, 30, 30, 30, 30, 30, 30, 30, 30, 30, 30, 30, 30, 30, 30, 30, 30, 30, 30, 30, 30, 30, 30, 30, 30, 30, 30, 30, 30, 30, 30, 30, 30, 30, 30, 30, 30, 30, 30, 30, 30, 30, 31, 31, 31, 31, 31, 31, 31, 31, 31, 31, 32, 32, 32, 32, 32, 32, 32, 32, 32, 32, 32, 32, 32, 32, 32, 32, 32, 32, 32, 32, 32, 32, 32, 32, 32, 32, 32, 32, 32, 32, 33, 33, 33, 33, 33, 33, 33, 33, 33, 33, 33, 33, 33, 33, 33, 33, 33, 33, 33, 33, 33, 33, 33, 33, 33, 33, 33, 33, 33, 33, 33, 33, 33, 33, 33, 33, 33, 33, 33, 33, 33, 33, 33, 33, 33, 33, 33, 33, 33, 33, 34, 34, 34, 34, 34, 34, 34, 34, 34, 34, 34, 34, 34, 34, 34, 34, 35, 35, 35, 35, 35, 