x <- c(, 0, 1, 2, 3, 4, 5, 6, 7, 8, 9, 10, 11, 12, 13, 14, 15, 16, 17, 18, 19, 20)
cumsumrvX32 <- c(, 1, 4, 8, 11, 20, 27, 30, 39, 54, 64, 67, 76, 91, 112, 125, 128, 137, 152, 173, 200, 216)
pmfrvX32 <- c(, 1, 3, 4, 3, 9, 7, 3, 9, 15, 10, 3, 9, 15, 21, 13, 3, 9, 15, 21, 27, 16)
expectation <- 12.9676
winChancervX32 <- c(, 0, 0, 0.0277778, 0, 0.0833333, 0.111111, 0, 0.138889, 0.222222, 0.25, 0, 0.194444, 0.333333, 0.416667, 0.444444, 0, 0.25, 0.444444, 0.583333, 0.666667, 0.694444)
loseChancervX32 <- c(, 1, 0.972222, 0.694444, 0.888889, 0.666667, 0.444444, 0.75, 0.583333, 0.416667, 0.25, 0.555556, 0.444444, 0.333333, 0.222222, 0.111111, 0.305556, 0.25, 0.194444, 0.138889, 0.0833333, 0.0277778)
battle_out_distribution <- c(, 0.371656, 0.335777, 0.292567)
