x <- c(, 1, 2, 3, 4, 5, 6)
cumsumrvX41 <- c(, 1, 16, 81, 256, 625, 1296)
pmfrvX41 <- c(, 1, 15, 65, 175, 369, 671)
expectationX41 <- 5.2446
medianX41 <- 6
varianceX41 <- 0.910078
winChancervX41 <- c(, 0, 0.166667, 0.333333, 0.5, 0.666667, 0.833333)
loseChancervX41 <- c(, 2.22609e+35, 2.34291e+35, 2.34291e+35, 2.16118e+35, 2.34291e+35, 2.16118e+35)
battle_out_distribution <- c(, 0.707433, 0.292567, 2.24983e+35)
