x <- c(, 1, 2, 3, 4, 5, 6)
cumsumrvX51 <- c(, 1, 32, 243, 1024, 3125, 7776)
pmfrvX51 <- c(, 1, 31, 211, 781, 2101, 4651)
expectationX51 <- 5.43094
medianX51 <- 6
varianceX51 <- 0.659323
winChancervX51 <- c(, 0, 0.166667, 0.333333, 0.5, 0.666667, 0.833333)
loseChancervX51 <- c(, 0, 0, 0, 0, 0, 0)
battle_out_distribution <- c(, 0.73849, 0.26151, 2.11849e+34)
