x <- c(, 0, 1, 2, 3, 4, 5, 6, 7, 8, 9, 10, 11, 12, 13, 14, 15, 16, 17, 18, 19, 20)
cumsumrvX23 <- c(, 1, 3, 4, 6, 8, 9, 11, 13, 15, 16, 18, 20, 22, 24, 25, 27, 29, 31, 33, 35, 36)
pmfrvX23 <- c(, 1, 2, 1, 2, 2, 1, 2, 2, 2, 1, 2, 2, 2, 2, 1, 2, 2, 2, 2, 2, 1)
expectationX23 <- 10.2778
medianX23 <- 11
varianceX23 <- 34.2006
winChancervX23 <- c(, 0, 0, 0.00462963, 0, 0.0185185, 0.037037, 0, 0.0324074, 0.0925926, 0.125, 0, 0.0462963, 0.148148, 0.25, 0.296296, 0, 0.0601852, 0.203704, 0.375, 0.518519, 0.578704)
loseChancervX23 <- c(, 0, 0.00462963, 0.0694444, 0.037037, 0.0740741, 0.222222, 0.125, 0.134259, 0.199074, 0.375, 0.296296, 0.277778, 0.259259, 0.296296, 0.444444, 0.578704, 0.532407, 0.430556, 0.328704, 0.282407, 0.347222)
battle_out_distribution <- c(, 0.1259, 0.254758, 0.619342, 0)
