x <- c(, 1, 2, 3, 4, 5, 6)
cumsumrvX21 <- c(, 1, 4, 9, 16, 25, 36)
pmfrvX21 <- c(, 1, 3, 5, 7, 9, 11)
expectationX21 <- 4.47222
medianX21 <- 5
varianceX21 <- 1.97145
winChancervX21 <- c(, 0, 0.166667, 0.333333, 0.5, 0.666667, 0.833333)
loseChancervX21 <- c(, 1, 0.833333, 0.666667, 0.5, 0.333333, 0.166667)
battle_out_distribution <- c(, 0.578704, 0.421296)
