x <- c(, 0, 1, 2, 3, 4, 5)
cumsumrvX111 <- c(, 1, 2, 3, 4, 5, 6)
pmfrvX111 <- c(, 1, 1, 1, 1, 1, 1)
expectationX111 <- 2.5
medianX111 <- 3
varianceX111 <- 2.91667
winChancervX111 <- c(, 0, 2.75636e-09, 5.64503e-06, 0.000488281, 0.011561, 0.134588)
loseChancervX111 <- c(, 1, 1, 0.999994, 0.999512, 0.988439, 0.865412)
battle_out_distribution <- c(, 0.0244405, 0.97556)
