x <- c(, 1, 2, 3, 4, 5, 6, 7, 8, 9, 10, 11, 12, 13, 14, 15, 16, 17, 18, 19, 20, 21, 22, 23, 24, 25, 26, 27, 28, 29, 30, 31, 32, 33, 34, 35, 36, 37, 38, 39, 40, 41, 42, 43, 44, 45, 46, 47, 48, 49, 50, 51, 52, 53, 54, 55, 56, 57, 58, 59, 60, 61, 62, 63, 64, 65, 66, 67, 68, 69, 70, 71, 72, 73, 74, 75, 76, 77, 78, 79, 80, 81, 82, 83, 84, 85, 86, 87, 88, 89, 90, 91, 92, 93, 94, 95, 96, 97, 98, 99, 100, 101, 102, 103, 104, 105, 106, 107, 108, 109, 110, 111, 112, 113, 114, 115, 116, 117, 118, 119, 120, 121, 122, 123, 124, 125, 126)
cumsumrvX44 <- c(, 1, 5, 11, 15, 16, 20, 32, 44, 48, 54, 66, 72, 76, 80, 81, 85, 97, 109, 113, 125, 149, 161, 173, 185, 189, 195, 207, 213, 225, 237, 243, 247, 251, 255, 256, 260, 272, 284, 288, 300, 324, 336, 348, 360, 364, 376, 400, 412, 436, 460, 472, 484, 496, 508, 512, 518, 530, 536, 548, 560, 566, 578, 590, 602, 608, 612, 616, 620, 624, 625, 629, 641, 653, 657, 669, 693, 705, 717, 729, 733, 745, 769, 781, 805, 829, 841, 853, 865, 877, 881, 893, 917, 929, 953, 977, 989, 1013, 1037, 1061, 1073, 1085, 1097, 1109, 1121, 1125, 1131, 1143, 1149, 1161, 1173, 1179, 1191, 1203, 1215, 1221, 1233, 1245, 1257, 1269, 1275, 1279, 1283, 1287, 1291, 1295, 1296)
pmfrvX44 <- c(, 1, 4, 6, 4, 1, 4, 12, 12, 4, 6, 12, 6, 4, 4, 1, 4, 12, 12, 4, 12, 24, 12, 12, 12, 4, 6, 12, 6, 12, 12, 6, 4, 4, 4, 1, 4, 12, 12, 4, 12, 24, 12, 12, 12, 4, 12, 24, 12, 24, 24, 12, 12, 12, 12, 4, 6, 12, 6, 12, 12, 6, 12, 12, 12, 6, 4, 4, 4, 4, 1, 4, 12, 12, 4, 12, 24, 12, 12, 12, 4, 12, 24, 12, 24, 24, 12, 12, 12, 12, 4, 12, 24, 12, 24, 24, 12, 24, 24, 24, 12, 12, 12, 12, 12, 4, 6, 12, 6, 12, 12, 6, 12, 12, 12, 6, 12, 12, 12, 12, 6, 4, 4, 4, 4, 4, 1)
expectationX44 <- 67.5957
medianX44 <- 73
varianceX44 <- 1081.91
winChancervX44 <- c(, 0, 0, 0, 0, 0.000771605, 0, 0, 0, 0.00385802, 0, 0, 0.00848765, 0, 0.0115741, 0.0123457, 0, 0, 0, 0.00694444, 0, 0, 0.0208333, 0, 0.033179, 0.037037, 0, 0, 0.025463, 0, 0.0470679, 0.0555556, 0, 0.0501543, 0.0617284, 0.0625, 0, 0, 0, 0.0100309, 0, 0, 0.033179, 0, 0.054784, 0.0617284, 0, 0, 0.0470679, 0, 0.0964506, 0.117284, 0, 0.108796, 0.141975, 0.145833, 0, 0, 0.0516975, 0, 0.11034, 0.135802, 0, 0.131944, 0.179012, 0.1875, 0, 0.135031, 0.185185, 0.196759, 0.197531, 0, 0, 0, 0.0131173, 0, 0, 0.0455247, 0, 0.0763889, 0.0864198, 0, 0, 0.0686728, 0, 0.145833, 0.179012, 0, 0.167438, 0.222222, 0.229167, 0, 0, 0.0825617, 0, 0.1875, 0.234568, 0, 0.236883, 0.333333, 0.354167, 0, 0.249228, 0.358025, 0.391204, 0.395062, 0, 0, 0.0871914, 0, 0.201389, 0.253086, 0, 0.260031, 0.37037, 0.395833, 0, 0.281636, 0.41358, 0.460648, 0.469136, 0, 0.284722, 0.419753, 0.469907, 0.481481, 0.482253)
loseChancervX44 <- c(, 0, 0, 0.000771605, 0.0154321, 0.115741, 0, 0.00385802, 0.0169753, 0.114198, 0.0123457, 0.0532407, 0.111883, 0.0987654, 0.234568, 0.296296, 0, 0.00694444, 0.0277778, 0.121914, 0.037037, 0.0578704, 0.113426, 0.0925926, 0.225309, 0.283951, 0.0625, 0.101852, 0.165123, 0.19213, 0.193673, 0.222994, 0.25, 0.282407, 0.342593, 0.375, 0, 0.0100309, 0.0478395, 0.157407, 0.0617284, 0.0717593, 0.142747, 0.123457, 0.216049, 0.271605, 0.145833, 0.146605, 0.169753, 0.170525, 0.1875, 0.213735, 0.208333, 0.256173, 0.313272, 0.342593, 0.197531, 0.207562, 0.247685, 0.259259, 0.209877, 0.234568, 0.343364, 0.241512, 0.213735, 0.222994, 0.395062, 0.296296, 0.271605, 0.283951, 0.296296, 0, 0.0131173, 0.0771605, 0.239198, 0.0864198, 0.0949074, 0.218364, 0.191358, 0.225309, 0.296296, 0.229167, 0.200617, 0.220679, 0.185957, 0.199846, 0.241512, 0.25, 0.239198, 0.256173, 0.282407, 0.395062, 0.347994, 0.27392, 0.277778, 0.225309, 0.209877, 0.249228, 0.199846, 0.1875, 0.193673, 0.271605, 0.225309, 0.216049, 0.225309, 0.234568, 0.482253, 0.435185, 0.350309, 0.364969, 0.27392, 0.247685, 0.33642, 0.220679, 0.169753, 0.165123, 0.358796, 0.218364, 0.142747, 0.113426, 0.111883, 0.385802, 0.239198, 0.157407, 0.121914, 0.114198, 0.115741)
battle_out_distribution <- c(, 0.0873622, 0.151249, 0.188993)
