x <- c(, 0, 1, 2, 3, 4, 5)
cumsumrvX41 <- c(, 1, 16, 81, 256, 625, 1296)
medianX41 <- 5
pmfrvX41 <- c(, 1, 15, 65, 175, 369, 671)
expectation <- 4.2446
winChancervX41 <- c(, 0, 0.166667, 0.333333, 0.5, 0.666667, 0.833333)
loseChancervX41 <- c(, 1, 0.833333, 0.666667, 0.5, 0.333333, 0.166667)
battle_out_distribution <- c(, 0.707433, 0.292567)
