x <- c(, 0, 1, 2, 3, 4, 5)
cumsumrvX110 <- c(, 1, 2, 3, 4, 5, 6)
pmfrvX110 <- c(, 1, 1, 1, 1, 1, 1)
expectationX110 <- 2.5
medianX110 <- 3
varianceX110 <- 2.91667
winChancervX110 <- c(, 0, 1.65382e-08, 1.69351e-05, 0.000976562, 0.0173415, 0.161506)
loseChancervX110 <- c(, 1, 1, 0.999983, 0.999023, 0.982658, 0.838494)
battle_out_distribution <- c(, 0.0299734, 0.970027)
