x <- c(, 0, 1, 2, 3, 4, 5, 6, 7, 8, 9, 10, 11, 12, 13, 14, 15, 16, 17, 18, 19, 20, 21, 22, 23, 24, 25, 26, 27, 28, 29, 30, 31, 32, 33, 34, 35, 36, 37, 38, 39, 40, 41, 42, 43, 44, 45, 46, 47, 48, 49, 50, 51, 52, 53, 54, 55, 56, 57, 58, 59, 60, 61, 62, 63, 64, 65, 66, 67, 68, 69, 70, 71, 72, 73, 74, 75, 76, 77, 78, 79, 80, 81, 82, 83, 84, 85, 86, 87, 88, 89, 90, 91, 92, 93, 94, 95, 96, 97, 98, 99, 100, 101, 102, 103, 104, 105, 106, 107, 108, 109, 110, 111, 112, 113, 114, 115, 116, 117, 118, 119, 120, 121, 122, 123, 124, 125, 126, 127, 128, 129, 130, 131, 132, 133, 134, 135, 136, 137, 138, 139, 140, 141, 142, 143, 144, 145, 146, 147, 148, 149, 150, 151, 152, 153, 154, 155, 156, 157, 158, 159, 160, 161, 162, 163, 164, 165, 166, 167, 168, 169, 170, 171, 172, 173, 174, 175, 176, 177, 178, 179, 180, 181, 182, 183, 184, 185, 186, 187, 188, 189, 190, 191, 192, 193, 194, 195, 196, 197, 198, 199, 200, 201, 202, 203, 204, 205, 206, 207, 208, 209, 210, 211, 212, 213, 214, 215, 216, 217, 218, 219, 220, 221, 222, 223, 224, 225, 226, 227, 228, 229, 230, 231, 232, 233, 234, 235, 236, 237, 238, 239, 240, 241, 242, 243, 244, 245, 246, 247, 248, 249, 250, 251)
pmfrvX55 <- c(, 1, 5, 10, 10, 5, 1, 5, 20, 30, 20, 5, 10, 30, 30, 10, 10, 20, 10, 5, 5, 1, 5, 20, 30, 20, 5, 20, 60, 60, 20, 30, 60, 30, 20, 20, 5, 10, 30, 30, 10, 30, 60, 30, 30, 30, 10, 10, 20, 10, 20, 20, 10, 5, 5, 5, 1, 5, 20, 30, 20, 5, 20, 60, 60, 20, 30, 60, 30, 20, 20, 5, 20, 60, 60, 20, 60, 120, 60, 60, 60, 20, 30, 60, 30, 60, 60, 30, 20, 20, 20, 5, 10, 30, 30, 10, 30, 60, 30, 30, 30, 10, 30, 60, 30, 60, 60, 30, 30, 30, 30, 10, 10, 20, 10, 20, 20, 10, 20, 20, 20, 10, 5, 5, 5, 5, 1, 5, 20, 30, 20, 5, 20, 60, 60, 20, 30, 60, 30, 20, 20, 5, 20, 60, 60, 20, 60, 120, 60, 60, 60, 20, 30, 60, 30, 60, 60, 30, 20, 20, 20, 5, 20, 60, 60, 20, 60, 120, 60, 60, 60, 20, 60, 120, 60, 120, 120, 60, 60, 60, 60, 20, 30, 60, 30, 60, 60, 30, 60, 60, 60, 30, 20, 20, 20, 20, 5, 10, 30, 30, 10, 30, 60, 30, 30, 30, 10, 30, 60, 30, 60, 60, 30, 30, 30, 30, 10, 30, 60, 30, 60, 60, 30, 60, 60, 60, 30, 30, 30, 30, 30, 10, 10, 20, 10, 20, 20, 10, 20, 20, 20, 10, 20, 20, 20, 20, 10, 5, 5, 5, 5, 5, 1)
cumsumrvX55 <- c(, 1, 6, 16, 26, 31, 32, 37, 57, 87, 107, 112, 122, 152, 182, 192, 202, 222, 232, 237, 242, 243, 248, 268, 298, 318, 323, 343, 403, 463, 483, 513, 573, 603, 623, 643, 648, 658, 688, 718, 728, 758, 818, 848, 878, 908, 918, 928, 948, 958, 978, 998, 1008, 1013, 1018, 1023, 1024, 1029, 1049, 1079, 1099, 1104, 1124, 1184, 1244, 1264, 1294, 1354, 1384, 1404, 1424, 1429, 1449, 1509, 1569, 1589, 1649, 1769, 1829, 1889, 1949, 1969, 1999, 2059, 2089, 2149, 2209, 2239, 2259, 2279, 2299, 2304, 2314, 2344, 2374, 2384, 2414, 2474, 2504, 2534, 2564, 2574, 2604, 2664, 2694, 2754, 2814, 2844, 2874, 2904, 2934, 2944, 2954, 2974, 2984, 3004, 3024, 3034, 3054, 3074, 3094, 3104, 3109, 3114, 3119, 3124, 3125, 3130, 3150, 3180, 3200, 3205, 3225, 3285, 3345, 3365, 3395, 3455, 3485, 3505, 3525, 3530, 3550, 3610, 3670, 3690, 3750, 3870, 3930, 3990, 4050, 4070, 4100, 4160, 4190, 4250, 4310, 4340, 4360, 4380, 4400, 4405, 4425, 4485, 4545, 4565, 4625, 4745, 4805, 4865, 4925, 4945, 5005, 5125, 5185, 5305, 5425, 5485, 5545, 5605, 5665, 5685, 5715, 5775, 5805, 5865, 5925, 5955, 6015, 6075, 6135, 6165, 6185, 6205, 6225, 6245, 6250, 6260, 6290, 6320, 6330, 6360, 6420, 6450, 6480, 6510, 6520, 6550, 6610, 6640, 6700, 6760, 6790, 6820, 6850, 6880, 6890, 6920, 6980, 7010, 7070, 7130, 7160, 7220, 7280, 7340, 7370, 7400, 7430, 7460, 7490, 7500, 7510, 7530, 7540, 7560, 7580, 7590, 7610, 7630, 7650, 7660, 7680, 7700, 7720, 7740, 7750, 7755, 7760, 7765, 7770, 7775, 7776)
winChancervX55 <- c(, 0, 0, 0, 0, 0, 0.000128601, 0, 0, 0, 0, 0.000771605, 0, 0, 0, 0.00205761, 0, 0, 0.00334362, 0, 0.00398663, 0.00411523, 0, 0, 0, 0, 0.00141461, 0, 0, 0, 0.00527263, 0, 0, 0.0104167, 0, 0.0136317, 0.0144033, 0, 0, 0, 0.00655864, 0, 0, 0.0155607, 0, 0.0226337, 0.0246914, 0, 0, 0.0168467, 0, 0.0264918, 0.0298354, 0, 0.0271348, 0.0311214, 0.03125, 0, 0, 0, 0, 0.00205761, 0, 0, 0, 0.00848765, 0, 0, 0.0174897, 0, 0.0232767, 0.0246914, 0, 0, 0, 0.0123457, 0, 0, 0.0329218, 0, 0.0502829, 0.0555556, 0, 0, 0.0380658, 0, 0.065715, 0.0761317, 0, 0.06893, 0.0825617, 0.0833333, 0, 0, 0, 0.0136317, 0, 0, 0.0380658, 0, 0.059285, 0.0658436, 0, 0, 0.0470679, 0, 0.0862911, 0.101852, 0, 0.0933642, 0.115998, 0.118056, 0, 0, 0.0483539, 0, 0.0901492, 0.106996, 0, 0.0997942, 0.126286, 0.12963, 0, 0.100437, 0.127572, 0.131559, 0.131687, 0, 0, 0, 0, 0.00270062, 0, 0, 0, 0.0117027, 0, 0, 0.0245628, 0, 0.0329218, 0.0349794, 0, 0, 0, 0.0181327, 0, 0, 0.0502829, 0, 0.0779321, 0.0864198, 0, 0, 0.059285, 0, 0.104938, 0.122428, 0, 0.110725, 0.134002, 0.135417, 0, 0, 0, 0.0219907, 0, 0, 0.065715, 0, 0.104938, 0.117284, 0, 0, 0.0862911, 0, 0.166667, 0.199588, 0, 0.184028, 0.234311, 0.239583, 0, 0, 0.0914352, 0, 0.182099, 0.220165, 0, 0.209748, 0.275463, 0.28588, 0, 0.212963, 0.281893, 0.295525, 0.296296, 0, 0, 0, 0.0232767, 0, 0, 0.0708591, 0, 0.11394, 0.127572, 0, 0, 0.0952932, 0, 0.187243, 0.225309, 0, 0.208462, 0.267747, 0.274306, 0, 0, 0.104295, 0, 0.214249, 0.261317, 0, 0.253472, 0.339763, 0.355324, 0, 0.260545, 0.353909, 0.376543, 0.378601, 0, 0, 0.105581, 0, 0.218107, 0.266461, 0, 0.259902, 0.350051, 0.366898, 0, 0.269547, 0.369342, 0.395833, 0.399177, 0, 0.27019, 0.370628, 0.397762, 0.401749, 0.401878)
loseChancervX55 <- c(, 1, 0.999871, 0.996656, 0.964506, 0.803755, 0.401878, 0.995885, 0.993313, 0.962449, 0.802984, 0.401749, 0.954733, 0.934156, 0.790123, 0.399177, 0.790123, 0.707819, 0.378601, 0.460905, 0.296296, 0.131687, 0.96875, 0.966821, 0.939815, 0.789352, 0.397762, 0.937886, 0.918596, 0.779707, 0.395833, 0.783565, 0.702546, 0.376543, 0.459491, 0.295525, 0.131559, 0.8125, 0.800926, 0.696759, 0.366898, 0.719907, 0.650463, 0.355324, 0.44213, 0.28588, 0.12963, 0.5, 0.465278, 0.274306, 0.361111, 0.239583, 0.118056, 0.1875, 0.135417, 0.0833333, 0.03125, 0.868313, 0.867027, 0.846451, 0.720422, 0.370628, 0.847737, 0.832305, 0.713992, 0.369342, 0.72428, 0.652263, 0.353909, 0.436214, 0.281893, 0.127572, 0.764146, 0.753858, 0.658693, 0.350051, 0.681842, 0.617541, 0.339763, 0.42464, 0.275463, 0.126286, 0.486368, 0.452932, 0.267747, 0.352623, 0.234311, 0.115998, 0.185442, 0.134002, 0.0825617, 0.0311214, 0.539095, 0.533951, 0.477366, 0.266461, 0.497942, 0.45679, 0.261317, 0.333333, 0.220165, 0.106996, 0.400206, 0.374486, 0.225309, 0.297325, 0.199588, 0.101852, 0.168724, 0.122428, 0.0761317, 0.0298354, 0.209877, 0.199588, 0.127572, 0.168724, 0.117284, 0.0658436, 0.117284, 0.0864198, 0.0555556, 0.0246914, 0.0452675, 0.0349794, 0.0246914, 0.0144033, 0.00411523, 0.598122, 0.597479, 0.585905, 0.507459, 0.27019, 0.587834, 0.578832, 0.504244, 0.269547, 0.515818, 0.468236, 0.260545, 0.325489, 0.212963, 0.100437, 0.546039, 0.539609, 0.476595, 0.259902, 0.494599, 0.450874, 0.253472, 0.319702, 0.209748, 0.0997942, 0.372428, 0.347994, 0.208462, 0.274691, 0.184028, 0.0933642, 0.152521, 0.110725, 0.06893, 0.0271348, 0.433513, 0.429655, 0.385931, 0.218107, 0.402649, 0.370499, 0.214249, 0.274048, 0.182099, 0.0901492, 0.329347, 0.308771, 0.187243, 0.247042, 0.166667, 0.0862911, 0.144162, 0.104938, 0.065715, 0.0264918, 0.1866, 0.177598, 0.11394, 0.150592, 0.104938, 0.059285, 0.105581, 0.0779321, 0.0502829, 0.0226337, 0.0425669, 0.0329218, 0.0232767, 0.0136317, 0.00398663, 0.196245, 0.194959, 0.178241, 0.105581, 0.185957, 0.173097, 0.104295, 0.134516, 0.0914352, 0.0483539, 0.161523, 0.152521, 0.0952932, 0.125514, 0.0862911, 0.0470679, 0.0805041, 0.059285, 0.0380658, 0.0168467, 0.11394, 0.108796, 0.0708591, 0.0933642, 0.065715, 0.0380658, 0.067644, 0.0502829, 0.0329218, 0.0155607, 0.0316358, 0.0245628, 0.0174897, 0.0104167, 0.00334362, 0.0354938, 0.0342078, 0.0232767, 0.0303498, 0.0219907, 0.0136317, 0.0239198, 0.0181327, 0.0123457, 0.00655864, 0.0149177, 0.0117027, 0.00848765, 0.00527263, 0.00205761, 0.00334362, 0.00270062, 0.00205761, 0.00141461, 0.000771605, 0.000128601)
