x <- c(, 0, 1, 2, 3, 4, 5)
cumsumrvX31 <- c(, 1, 8, 27, 64, 125, 216)
pmfrvX31 <- c(, 1, 7, 19, 37, 61, 91)
expectation <- 3.95833
winChancervX31 <- c(, 0, 0.166667, 0.333333, 0.5, 0.666667, 0.833333)
loseChancervX31 <- c(, 1, 0.833333, 0.666667, 0.5, 0.333333, 0.166667)
battle_out_distribution <- c(, 0.659722, 0.340278)
