x <- c(, 0, 1, 2, 3, 4, 5, 6, 7, 8, 9, 10, 11, 12, 13, 14, 15, 16, 17, 18, 19, 20)
cumsumrvX22 <- c(, 1, 3, 4, 6, 8, 9, 11, 13, 15, 16, 18, 20, 22, 24, 25, 27, 29, 31, 33, 35, 36)
pmfrvX22 <- c(, 1, 2, 1, 2, 2, 1, 2, 2, 2, 1, 2, 2, 2, 2, 1, 2, 2, 2, 2, 2, 1)
expectationX22 <- 10.2778
medianX22 <- 11
varianceX22 <- 34.2006
winChancervX22 <- c(, 0, 0, 0.0277778, 0, 0.0833333, 0.111111, 0, 0.138889, 0.222222, 0.25, 0, 0.194444, 0.333333, 0.416667, 0.444444, 0, 0.25, 0.444444, 0.583333, 0.666667, 0.694444)
loseChancervX22 <- c(, 1, 0.972222, 0.694444, 0.888889, 0.666667, 0.444444, 0.75, 0.583333, 0.416667, 0.25, 0.555556, 0.444444, 0.333333, 0.222222, 0.111111, 0.305556, 0.25, 0.194444, 0.138889, 0.0833333, 0.0277778)
battle_out_distribution <- c(, 0.227623, 0.324074, 0.448302)
