x <- c(, 1, 2, 3, 4, 5, 6)
cumsumrvX11 <- c(, 1, 2, 3, 4, 5, 6)
pmfrvX11 <- c(, 1, 1, 1, 1, 1, 1)
expectationX11 <- 3.5
medianX11 <- 2.5
varianceX11 <- 2.91667
winChancervX11 <- c(, 0, 0.166667, 0.333333, 0.5, 0.666667, 0.833333)
loseChancervX11 <- c(, 1, 0.833333, 0.666667, 0.5, 0.333333, 0.166667)
battle_out_distribution <- c(, 0.416667, 0.583333)
